9000
650
11111111111111111111
10000000000000000000
10000000000000000000
10000000000000000000
10000000000000000000
10000000000000000000
10000000000000000000
10000000000000000000
10000000000000000000
10000000000000000000
10000000000000000000
10000000000000000000
10000000000000000000
1C000000000000000000
10000000000000000000
10000000000000000000
10000000000000000000
10000000000000000000
10000000000000000000
70000000000000000000
70000000000000000000
70000000000000000000
10000000000000000000
10000000000000000000
11100000000000000000
11100000000000000000
11100000000000000000
10000000000000000000
70000100000000000000
70000110000000000000
7000011C000000000000
70000000000000000000
10000000000000000000
10000000000000000000
11000001000000000000
11000001000000000000
11800001000000000000
70000000000000000000
70000000000000000000
70000000000000000000
70000000000000000000
70000100000000000000
70000180000000000000
70000100000000000000
70000000000000000000
70000000000000000000
70000000000000000000
70000000000000000000
70000001100000000000
70000001800000000000
70000001000000000000
70000000000000000000
70000000000000000000
70000000000000000000
70000100000000000000
10000100000000000000
10000000000000000000
10000000000000000000
11100000000000000000
11100000000000000000
11100000000000000000
10000000000000000000
10000000000000000000
10000000000000000000
10000000000000000000
10000000000000000000
10000000000000000000
10000000000000000000
10000000000000000000
10000000000000000000
11000000000000000000
11100000000000000000
11110000000000000000
11111000000000000000
70000000000000000000
70004000000000000000
70000000000000000000
70000000000000000000
70000000000000000000
70001000000000000000
70001000000000000000
70000000000000000000
70000000000000000000
70000000000000000000
70004000000000000000
10000000000000000000
10000000000000000000
10000000000000000000
10001000000000000000
10000000000000000000
10000000000000000000
10000000000000000000
10000000000000000000
10000000000000000000
10000000000000000000
10000000000000000000
10000000000000000000
10000000000000000000
10000000000000000000
10000000000000000000
10000000000000000000
10000000000000000000
10000000000000000000
10000000000000000000
10000000000000000000
10000000000000000000
10000000000000000000
10000000000000000000
10000000000000000000
10000000000000000000
10000000000000000000
10000000000000000000
10000000000000000000
10000000000000000000
10000000000000000000
10000000000000000000
10000000000000000000
10000000000000000000
10000000000000000000
10000000000000000000
10000000000000000000
10000000000000000000
10000000000000000000
10000000000000000000
10000000000000000000
10000000000000000000
10000000000000000000
10000000000000000000
10000000000000000000
10000000000000000000
10000000000000000000
10000000000000000000
10000000000000000000
10000000000000000000
10000000000000000000
10000000000000000000
10000000000000000000
10000000000000000000
10000000000000000000
10000000000000000000
10000000000000000000
10000000000000000000
10000000000000000000
10000000000000000000
10000000000000000000
10000000000000000000
10000000000000000000
10000000000000000000
10000000000000000000
10000000000000000000
10000000000000000000
10000000000000000000
10000000000000000000
10000000000000000000
10000000000000000000
10000000000000000000
10000000000000000000
10000000000000000000
10000000000000000000
10000000000000000000
10000000000000000000
10000000000000000000
10000000000000000000
10000000000000000000
10000000000000000000
10000000000000000000
10000000000000000000
10000000000000000000
10000000000000000000
10000000000000000000
10000000000000000000
10000000000000000000
10000000000000000000
10000000000000000000
10000000000000000000
10000000000000000000
10000000000000000000
10000000000000000000
10000000000000000000
10000000000000000000
10000000000000000000
10000000000000000000
10000000000000000000
10000000000000000000
10000000000000000000
10000000000000000000
10000000000000000000
10000000000000000000
10000000000000000000
10000000000000000000
10000000000000000000
10000000000000000000
10000000000000000000
10000000000000000000
10000000000000000000
10000000000000000000
10000000000000000000
10000000000000000000
10000000000000000000
10000000000000000000
10000000000000000000
10000000000000000000
10000000000000000000
10000000000000000000
10000000000000000000
10000000000000000000
10000000000000000000
10000000000000000000
10000000000000000000
10000000000000000000
10000000000000000000
10000000000000000000
10000000000000000000
10000000000000000000
10000000000000000000
10000000000000000000
10000000000000000000
10000000000000000000
10000000000000000000
10000000000000000000
10000000000000000000
10000000000000000000
10000000000000000000
10000000000000000000
10000000000000000000
10000000000000000000
10000000000000000000
10000000000000000000
10000000000000000000
10000000000000000000
10000000000000000000
10000000000000000000
10000000000000000000
10000000000000000000
10000000000000000000
10000000000000000000
10000000000000000000
10000000000000000000
10000000000000000000
10000000000000000000
10000000000000000000
10000000000000000000
10000000000000000000
10000000000000000000
10000000000000000000
10000000000000000000
10000000000000000000
10000000000000000000
10000000000000000000
10000000000000000000
10000000000000000000
10000000000000000000
10000000000000000000
10000000000000000000
10000000000000000000
10000000000000000000
10000000000000000000
10000000000000000000
10000000000000000000
10000000000000000000
10000000000000000000
10000000000000000000
10000000000000000000
10000000000000000000
10000000000000000000
10000000000000000000
10000000000000000000
10000000000000000000
10000000000000000000
10000000000000000000
10000000000000000000
10000000000000000000
10000000000000000000
10000000000000000000
10000000000000000000
10000000000000000000
10000000000000000000
10000000000000000000
10000000000000000000
10000000000000000000
1D000000000000000000
