9000
480
111111111111111
1C0000000000000
100000000000000
100000000000000
100000000000000
100000000000000
100000000000000
111000000000000
111000000000000
100000000000000
100000000000000
100810000000000
111110000000000
700010000000000
700000000000000
700000000000000
700000000000000
700000000000000
700010000000000
700000000000000
700000000000000
700000000000000
700000000000000
700010000000000
700000000000000
700000000000000
700000000000000
700000000000000
700010000000000
11111C000000000
100810000000000
100000000000000
100000000000000
100000000000000
100000000000000
100000000000000
111100000000000
111100000000000
700000000000000
700000000000000
700000000000000
700000000000000
700000000000000
700100000000000
111100000000000
700100000000000
700000000000000
700000000000000
700000000000000
700000000000000
700000000000000
700100000000000
111100000000000
100100000000000
100000000000000
100000000000000
100000000000000
100000000000000
100000000000000
100000000000000
100000000000000
104000000000000
100000000000000
100400000000000
100000000000000
140000000000000
100000000000000
100000000000000
100000000000000
100000000000000
100000000000000
111100000000000
111100000000000
700000000000000
700000000000000
700000000000000
700000000000000
701000000000000
701000000000000
700000000000000
700000000000000
700400000000000
700000000000000
700000000000000
701000000000000
701000000000000
700000000000000
700000000000000
700000000000000
1111C0000000000
111100000000000
100000000000000
100000000000000
150000000000000
100000000000000
105000000000000
100000000000000
100000000000000
111000000000000
100000000000000
100000000000000
100000000000000
100000000000000
100000000000000
105000000000000
100000000000000
100000000000000
150000000000000
100100000000000
111100000000000
700100000000000
700000000000000
700000000000000
701000000000000
701000000000000
701000000000000
700000000000000
700000000000000
700500000000000
700000000000000
701000000000000
701000000000000
701000000000000
700000000000000
700000000000000
700000000000000
700100000000000
1111C0000000000
700100000000000
700800000000000
700000000000000
700000000000000
700000000000000
701000000000000
111000000000000
701000000000000
700000000000000
700000000000000
700400000000000
700000000000000
701000000000000
111000000000000
700000000000000
700000000000000
700000000000000
700000000000000
111000000000000
111810000000000
11111C000000000
100010000000000
100000000000000
100000000000000
100000000000000
100000000000000
150000000000000
100000000000000
105000000000000
100000000000000
100000000000000
100000000000000
100000000000000
100500000000000
100000000000000
100000000000000
1111C0000000000
700000000000000
700000000000000
700000000000000
701000000000000
111011111111111
701080000000000
700000000000000
700000000000000
700000000000000
701000000000000
111000000000000
701500000000000
700000000000000
700000000000000
111100000000000
700000000000000
700000000000000
111000000000000
701500000000000
700000000000000
700000000000000
111000000000000
700000000000000
700010000000000
111110000000000
700810000000000
700000000000000
700000000000000
700000000000000
700000000000000
700000000000000
111000000000000
700000000000000
700000000000000
700000000000000
111040000000000
700000000000000
700000000000000
11111C000000000
700000000000000
700000000000000
700000000000000
700040000000000
111100000000000
700000000000000
700000000000000
700000000000000
111000000000000
700000000000000
700400000000000
700000000000000
111100000000000
700000000000000
700000000000000
700000000000000
700080000000000
111110000000000
700000000000000
700000000000000
700000000000000
700000000000000
110000000000000
700000000000000
700000000000000
705000000000000
700000000000000
700000000000000
111000000000000
700000000000000
700000000000000
705000000000000
700000000000000
700000000000000
110000000000000
700000000000000
700000000000000
700000000000000
700000000000000
111000000000000
700000000000000
700000000000000
700000000000000
700000000000000
110000000000000
700000000000000
705000000000000
700000000000000
111C00000000000
708000000000000
700000000000000
700000000000000
700000000000000
700000000000000
110000000000000
705000000000000
700000000000000
700000000000000
700000000000000
110000000000000
700000000000000
700000000000000
700000000000000
700000000000000
700000000000000
111000000000000
700000000000000
700000000000000
700000000000000
700000000000000
700000000000000
1D0000000000000
100000000000000
000000000000000
000000000000000
000000000000000
000000000000000
