9000
480
111111111111111
1C0000000000000
100000000000000
100000000000000
100000000000000
100000000000000
100000000000000
100000000000000
110000000000000
100000000000000
100000000000000
100000000000000
100000000000000
120000000000000
100000000000000
100000000000000
100000000000000
100000000000000
100000000000000
100000000000000
100000000000000
110000000000000
100000000000000
100000000000000
100000000000000
100000000000000
100000000000000
100000000000000
130000000000000
100000000000000
100000000000000
100000000000000
100000000000000
111100000000000
111100000000000
100000000000000
100000000000000
100000000000000
104000000000000
100000000000000
100000000000000
100000000000000
100000000000000
100400000000000
120000000000000
100000000000000
100000000000000
100000000000000
100000000000000
111100000000000
111100000000000
100000000000000
100000000000000
100000000000000
100000000000000
100000000000000
100000000000000
105000000000000
100000000000000
100000000000000
120000000000000
100000000000000
100000000000000
100000000000000
100500000000000
100000000000000
100000000000000
100000000000000
100000000000000
111100000000000
111100000000000
100000000000000
100000000000000
100000000000000
100000000000000
100000000000000
100000000000000
100000000000000
120000000000000
100000000000000
100000000000000
100000000000000
100000000000000
120000000000000
100000000000000
100000000000000
100000000000000
100000000000000
100000000000000
110000000000000
100000000000000
100000000000000
100000000000000
100000000000000
100000000000000
100000000000000
130000000000000
100000000000000
100000000000000
100000000000000
100000000000000
100000000000000
100000000000000
130000000000000
100000000000000
100000000000000
100000000000000
100000000000000
110000000000000
100000000000000
100000000000000
100000000000000
100000000000000
100000000000000
120000000000000
100000000000000
100000000000000
100000000000000
100000000000000
130000000000000
100000000000000
100000000000000
100000000000000
120000000000000
100000000000000
111000000000000
100000000000000
100000000000000
100000000000000
100000000000000
100000000000000
100000000000000
105000000000000
100000000000000
100000000000000
130000000000000
100000000000000
100000000000000
100000000000000
100000000000000
100000000000000
100000000000000
100000000000000
100000000000000
100000000000000
111000000000000
100000000000000
100000000000000
100000000000000
100000000000000
100000000000000
100000000000000
100000000000000
100000000000000
100000000000000
100000000000000
100000000000000
130000000000000
100000000000000
100000000000000
100000000000000
100000000000000
100000000000000
100000000000000
108000000000000
111100000000000
100000000000000
100000000000000
100000000000000
100000000000000
100000000000000
100000000000000
100000000000000
100000000000000
100000000000000
100000000000000
100000000000000
130000000000000
100000000000000
100500000000000
100000000000000
100000000000000
100000000000000
105000000000000
100000000000000
111110000000000
100000000000000
100500000000000
100000000000000
105000000000000
100000000000000
100000000000000
100050000000000
100000000000000
130000000000000
100000000000000
100000000000000
100000000000000
100000000000000
100050000000000
105000000000000
130000000000000
100000000000000
100500000000000
111110000000000
180000000000000
100000000000000
100000000000000
100000000000000
100000000000000
100000000000000
100000000000000
100000000000000
100000000000000
100000000000000
130000000000000
100000000000000
100000000000000
100000000000000
100000000000000
100000000000000
120000000000000
100000000000000
100000000000000
100000000000000
100000000000000
100000000000000
100000000000000
100000000000000
130000000000000
100000000000000
100000000000000
100000000000000
100000000000000
100000000000000
120000000000000
100000000000000
100000000000000
100000000000000
100000000000000
100000000000000
100000000000000
100000000000000
130000000000000
100000000000000
100000000000000
100000000000000
100000000000000
100000000000000
100000000000000
120000000000000
100000000000000
100000000000000
100000000000000
100000000000000
100000000000000
100000000000000
120000000000000
100000000000000
100000000000000
100000000000000
100000000000000
100000000000000
100000000000000
100000000000000
100000000000000
100000000000000
100000000000000
100000000000000
100000000000000
120000000000000
100000000000000
100000000000000
100000000000000
100000000000000
1C0000000000000
100000000000000
100000000000000
100000000000000
100000000000000
100000000000000
