6000
480
111111111111111
100000000000000
100000000000000
100000000000000
100000000000000
100000000000000
100000000000000
100000000000000
100000000000000
100000000000000
100000000000000
100000000000000
100000000000000
100000000000000
100000000000000
100000000000000
100000000000000
100000000000000
100000000000000
100000000000000
111000000000000
111000000000000
111000000000000
111000000000000
111000000000000
100000000000000
100000000000000
100000000000000
100000000000000
100000000000000
100000000000000
100000000000000
100000000000000
100000000000000
100000000000000
100000000000000
100000000000000
100000000000000
100000000000000
100000000000000
100000000000000
1A1111111111111
100100000000000
100100000000000
100100000000000
100100000000000
100100000000000
100100000000000
100100000000000
100100000000000
100100000000000
100100000000000
100100000000000
100100000000000
100100000000000
100100000000000
100A00000000000
111111000000000
100001110000000
100001111100000
100001000000000
10000A000000000
10000A000000000
10000A000000000
10000A000000000
10000A000000000
10000A000000000
100001000000000
100001000000000
100001111111111
100000000000000
100000000000000
100000000000000
100000000000000
11111AAAAAAAAAA
11111C000000000
100000000000000
100000000000000
100000000000000
100000000000000
100000000000000
100000000000000
100000000000000
120000000000000
100000000000000
100000000000000
100000000000000
100000000000000
100000000000000
100000000000000
100000000000000
100000000000000
100000000000000
100000000000000
111110000000000
111110000000000
100000000000000
100000000000000
100000000000000
100000000000000
100400000000000
100000000000000
100000000000000
100000000000000
100000000000000
100000000000000
100000000000000
100000000000000
100000000000000
100000000000000
100000000000000
111110000000000
111110000000000
100000000000000
100000000000000
100000000000000
100000000000000
100000000000000
120000000000000
100000000000000
100000000000000
100000000000000
100000000000000
100000000000000
100400000000000
100000000000000
100000000000000
100000000000000
100000000000000
100000000000000
100000000000000
11111C000000000
700000000000000
700000000000000
700000000000000
111110000000000
700000000000000
700000000000000
700000000000000
700010000000000
700010000000000
700000000000000
700000000000000
700000000000000
700000000000000
700010000000000
700010000000000
700000000000000
700000000000000
700000000000000
111110000000000
100000000000000
100000000000000
100000000000000
100000000000000
100000000000000
100000000000000
100000000000000
100000000000000
100000000000000
100000000000000
100000000000000
100000000000000
130000000000000
100000000000000
100000000000000
100000000000000
100000000000000
100000000000000
111100000000000
100000000000000
100000000000000
100000000000000
100000000000000
100000000000000
100000000000000
100000000000000
100000000000000
100000000000000
100000000000000
100000000000000
100000000000000
100000000000000
100000000000000
100000000000000
1D0000000000000
100000000000000
