9000
480
111111111111111
1C0000000000000
100000000000000
100000000000000
100000000000000
100000000000000
110000000000000
100000000000000
100000000000000
100000000000000
100000000000000
100000000000000
101000000000000
181000000000000
111100000000000
181000000000000
101000000000000
100000000000000
100000000000000
100000000000000
100000000000000
100000000000000
100000000000000
100000000000000
111000000000000
100000000000000
100000000000000
100000000000000
100000000000000
100000000000000
101000000000000
181000000000000
111000000000000
111110000000000
190000000000000
111110000000000
190000000000000
111110000000000
190000000000000
111110000000000
111100000000000
111000000000000
110000000000000
700000000000000
700000000000000
700000000000000
700000000000000
701000000000000
111C00000000000
701000000000000
700000000000000
700000000000000
190000000000000
700000000000000
700000000000000
701000000000000
111000000000000
701000000000000
700000000000000
700000000000000
700000000000000
190000000000000
700000000000000
700000000000000
700000000000000
701000000000000
111000000000000
781000000000000
700000000000000
700000000000000
700000000000000
700000000000000
700000000000000
700000000000000
700000000000000
100111111111111
100000000000000
100000000000000
700000000000000
700000000000000
700000000000000
700000000000000
700000000000000
700000000000000
701000000000000
111800000000000
701000000000000
700000000000000
700000000000000
700000000000000
700000000000000
700000000000000
700000000000000
701000000000000
111C00000000000
701000000000000
700000000000000
700000000000000
700000000000000
700000000000000
700000000000000
700000000000000
700000000000000
100000000000000
100111111111111
100000000000000
700000000000000
700000000000000
700000000000000
700000000000000
700000000000000
701000000000000
111800000000000
701000000000000
700000000000000
700000000000000
700000000000000
700000000000000
700000000000000
100000000000000
700000000000000
700000000000000
700000000000000
700000000000000
700000000000000
701000000000000
111000000000000
701000000000000
700000000000000
700000000000000
190000000000000
700000000000000
700000000000000
700000000000000
701000000000000
111000000000000
701000000000000
700000000000000
700000000000000
700000000000000
700000000000000
100000000000000
700000000000000
700000000000000
700000000000000
700000000000000
701000000000000
111000000000000
781000000000000
700000000000000
700000000000000
100000000000000
700000000000000
700000000000000
701000000000000
111000000000000
701000000000000
700000000000000
700000000000000
190000000000000
700000000000000
700000000000000
701000000000000
111000000000000
781000000000000
700000000000000
700000000000000
700000000000000
700000000000000
100000000000000
700000000000000
700000000000000
700000000000000
708000000000000
701000000000000
111100000000000
701000000000000
708000000000000
700000000000000
700000000000000
700000000000000
700000000000000
700000000000000
700000000000000
700000000000000
700000000000000
700000000000000
700800000000000
700100000000000
111100000000000
700100000000000
700000000000000
700000000000000
700000000000000
700000000000000
700000000000000
700000000000000
700100000000000
1111C0000000000
708100000000000
700000000000000
700000000000000
700000000000000
700000000000000
700000000000000
190000000000000
100000000000000
190000000000000
700000000000000
700000000000000
700000000000000
700000000000000
700000000000000
700100000000000
111100000000000
111100000000000
788800000000000
700000000000000
700000000000000
700000000000000
701000000000000
701000000000000
701000000000000
708000000000000
700000000000000
700000000000000
700000000000000
710000000000000
710000000000000
710000000000000
780000000000000
700100000000000
700100000000000
700100000000000
700100000000000
700800000000000
700000000000000
700000000000000
700000000000000
700000000000000
711100000000000
710000000000000
710000000000000
710000000000000
780000000000000
700000000000000
700000000000000
700000000000000
700000000000000
701000000000000
701000000000000
701000000000000
708000000000000
700000000000000
700000000000000
700100000000000
700100000000000
700100000000000
700100000000000
700800000000000
700000000000000
111110000000000
700000000000000
700000000000000
701000000000000
111000000000000
701000000000000
700000000000000
700000000000000
700000000000000
100000000000000
100000000000000
1D0000000000000
100000000000000
100000000000000
100000000000000
100000000000000
100000000000000
100000000000000
100000000000000
100000000000000
