9000
480
111111111111111
1C0000000000000
100000000000000
100000000000000
100000000000000
100000000000000
100000000000000
111000000000000
111000000000000
111000000000000
100000000000000
100000000000000
100000000000000
100000000000000
120000000000000
100000000000000
100000000000000
100000000000000
100000000000000
100000000000000
100000000000000
100000000000000
100000000000000
111000000000000
111000000000000
111000000000000
111000000000000
100000000000000
100000000000000
100000000000000
120000000000000
100000000000000
110000000000000
100000000000000
120000000000000
100000000000000
100000000000000
110000000000000
100000000000000
100000000000000
100000000000000
120000000000000
100000000000000
100000000000000
111000000000000
111C00000000000
100000000000000
100000000000000
100000000000000
100000000000000
100000000000000
100000000000000
100000000000000
100000000000000
100000000000000
130000000000000
100000000000000
100000000000000
100000000000000
100000000000000
100000000000000
111000000000000
111000000000000
111000000000000
111000000000000
111000000000000
111000000000000
111100000000000
111100000000000
111120000000000
111100000000000
111000000000000
111000000000000
111000000000000
111300000000000
111000000000000
111000000000000
111000000000000
111100000000000
111120000000000
111100000000000
111100000000000
111100000000000
111000000000000
111000000000000
110000000000000
110000000000000
113000000000000
110000000000000
110000000000000
100000000000000
100000000000000
100000000000000
100000000000000
100000000000000
110000000000000
110000000000000
111000000000000
111100000000000
100000000000000
190000000000000
100000000000000
100000000000000
100000000000000
100000000000000
111100000000000
111000000000000
11C000000000000
100000000000000
100000000000000
100000000000000
100000000000000
130000000000000
100000000000000
100000000000000
100000000000000
100000000000000
100000000000000
100000000000000
100000000000000
110000000000000
111000000000000
111100000000000
110000000000000
110000000000000
119000000000000
110000000000000
110000000000000
111100000000000
111130000000000
111100000000000
100000000000000
100000000000000
100400000000000
100000000000000
100000000000000
100000000000000
100000000000000
100000000000000
104000000000000
100000000000000
100000000000000
111100000000000
111100000000000
100000000000000
100400000000000
100000000000000
120000000000000
100000000000000
104000000000000
100000000000000
100000000000000
100000000000000
111100000000000
111100000000000
100000000000000
100000000000000
100000000000000
100000000000000
100000000000000
130000000000000
100000000000000
100000000000000
100000000000000
100000000000000
115000000000000
110000000000000
110000000000000
110000000000000
110000000000000
113500000000000
110000000000000
111000000000000
111000000000000
111100000000000
111100000000000
111000000000000
111000000000000
110000000000000
100000000000000
100500000000000
100000000000000
100000000000000
100000000000000
100000000000000
130000000000000
100000000000000
100000000000000
100000000000000
100000000000000
105000000000000
100000000000000
111000000000000
111111000000000
111111110000000
111111111100000
1111111111C0000
111111110000000
111111000000000
111000000000000
100000050000000
100050000000000
100000005000000
190000000000000
100000000000000
100000500000000
105000000000000
190000000000000
100000000000000
100500000000000
100005000500000
190000000000000
100000000000000
111100000000000
111111100000000
111111111000000
111111111110000
111111111110000
111111111000000
111111100000000
111100000000000
100000000000000
100000000000000
190000000000000
100000000000000
100000000000000
100010400000000
100013000000000
100010000000000
100010000000000
100000500000000
100000000000000
190000000000000
100000000000000
100000000000000
100000000000000
100010000000000
100012400000000
100010000000000
100010000000000
100000000000000
100000000000000
100000000000000
190000000000000
100000000000000
100010000000000
105010500000000
100013000000000
100010000000000
100000000000000
100000000000000
190000000000000
100010000000000
100010000000000
100012000000000
100010000000000
100010000000000
100000000000000
190000000000000
100000000000000
190500000000000
100010000000000
104010000000000
190000000000000
100000000000000
190000000000000
100000000000000
100010000000000
100013000000000
100010000000000
100000000000000
190000000000000
100000000000000
100000000000000
190000000000000
1D0000000000000
100000000000000
100000000000000
100000000000000
100000000000000
100000000000000
